300 100 15 1
63 276 14 141 4 69 159 173 88 70 34 35 
119 206 241 112 203 161 147 42 61 36 6 202 190 
232 278 213 201 198 7 43 5 190 10 275 280 76 
2 228 176 106 162 209 277 83 31 
248 165 251 120 93 262 170 75 138 299 48 
208 171 241 190 4 273 121 61 186 26 182 94 
158 69 116 293 68 54 25 217 57 2 174 121 191 272 
101 264 108 256 45 247 123 149 119 218 112 176 134 148 168 
218 235 14 255 191 175 238 264 134 243 
117 98 42 66 51 205 260 55 126 293 92 288 91 
73 93 284 214 36 149 161 1 
44 154 297 136 186 238 257 56 
178 287 224 83 190 195 61 232 282 139 269 64 
237 189 177 2 248 117 184 110 51 103 170 38 272 10 24 
124 135 120 55 219 252 275 178 54 193 
227 98 137 3 130 296 287 200 132 79 
166 150 244 220 299 5 8 104 173 131 218 204 146 
170 195 124 153 288 25 71 155 
272 48 242 45 198 122 215 7 95 
198 92 267 52 159 24 176 56 28 
61 133 206 31 47 158 254 49 4 
278 160 269 110 45 100 274 28 138 145 204 265 218 
271 57 47 102 41 192 146 132 134 
96 177 108 163 195 130 229 151 281 23 160 
66 55 292 27 112 230 101 264 143 107 211 31 270 
235 253 138 251 103 192 260 265 219 10 52 
26 48 226 165 149 90 6 293 292 
192 55 122 151 269 137 205 23 170 186 
201 164 246 115 299 178 12 208 114 102 81 293 237 
154 59 34 220 212 275 172 113 64 240 228 
85 294 22 95 35 196 33 248 223 74 179 88 288 126 81 
115 137 41 276 11 176 212 154 256 211 57 215 271 283 
51 125 234 287 295 203 41 30 228 290 115 141 50 17 49 
10 281 131 200 52 122 26 187 
35 184 86 83 118 102 15 290 179 160 145 36 250 
101 162 251 38 102 120 114 39 122 279 103 37 48 249 18 
6 14 35 84 217 219 298 26 
168 245 208 284 161 50 300 110 210 75 43 
37 283 105 81 60 165 232 115 2 192 164 
25 144 226 30 43 50 236 51 231 219 
187 16 198 138 165 283 39 179 197 66 285 
130 286 185 128 287 215 109 212 252 15 74 
124 236 296 79 8 4 202 91 57 64 225 45 101 291 
70 187 181 154 196 14 284 221 254 264 226 36 299 116 
65 17 205 71 171 250 118 19 155 77 
89 56 261 143 52 125 186 159 246 27 
230 126 205 232 215 37 281 80 69 223 125 9 
161 227 85 295 289 109 79 294 158 90 
68 29 73 255 259 294 246 213 206 112 
120 76 124 44 188 30 296 216 131 96 82 
108 175 67 285 19 143 119 28 212 
168 188 64 175 286 88 214 23 269 
248 131 279 239 125 289 184 143 166 149 231 133 285 
262 239 21 156 300 266 260 65 130 167 9 137 236 290 
203 134 223 17 145 179 263 31 286 207 228 162 88 
163 280 291 279 87 159 98 252 67 7 220 267 242 73 65 
121 71 157 172 95 256 221 216 231 274 54 75 
194 150 99 263 255 281 230 126 180 240 136 193 175 
42 145 290 100 127 84 139 163 11 95 121 250 200 
291 54 98 3 86 183 152 40 250 
47 236 39 273 107 253 289 117 202 
173 106 123 285 249 209 183 142 63 132 
140 73 231 67 201 152 243 96 221 
156 238 213 91 180 187 171 46 40 247 298 76 108 222 220 
271 155 117 127 196 32 99 107 194 200 185 123 
152 72 68 58 127 94 224 155 167 226 56 166 
249 58 291 144 204 202 97 172 221 276 38 30 123 103 67 
262 129 34 238 18 274 97 62 8 116 65 207 151 
193 49 71 32 168 18 151 119 171 85 113 
162 32 69 195 296 300 43 295 240 163 207 144 189 38 
208 1 99 42 244 3 111 300 252 204 128 206 82 150 
262 174 107 193 79 84 77 211 167 292 173 184 289 246 
11 255 37 265 94 233 72 297 78 267 141 164 99 111 
104 89 253 210 189 9 24 22 
29 273 189 245 172 104 111 12 46 267 
160 142 32 282 86 139 49 156 59 261 197 114 
3 74 153 75 76 284 244 274 211 242 158 22 271 118 47 
227 46 28 191 194 177 203 272 224 87 40 178 135 58 292 
94 133 22 46 256 270 157 70 273 9 268 23 156 
275 164 148 93 96 13 242 146 25 213 294 150 77 104 41 
183 105 298 253 83 1 174 197 90 74 87 260 146 
153 105 77 86 16 97 270 197 111 214 167 20 
237 183 81 245 8 16 15 142 277 
6 144 39 93 181 114 85 5 142 194 224 249 298 
110 166 266 265 90 214 239 34 185 254 15 257 
7 44 276 50 92 152 169 100 128 62 266 
70 279 180 229 62 210 286 277 29 147 133 27 295 129 
277 157 148 135 87 268 132 240 233 
24 199 91 282 278 235 244 27 
118 60 254 230 180 270 66 127 
80 245 263 233 258 89 234 239 225 16 
268 207 128 288 13 97 116 283 105 222 
129 169 233 174 229 157 235 278 210 
68 92 53 191 243 18 19 78 62 148 
282 297 100 258 257 19 182 147 84 227 201 59 12 139 229 
263 60 1 20 33 135 261 11 196 209 140 
247 106 237 216 141 29 258 147 44 182 
297 5 89 129 199 216 257 251 17 106 209 109 
40 258 223 243 169 113 60 185 63 72 188 
33 217 234 82 169 63 12 20 
